1013;932;807
1013;932;811
1006;925;810
990;911;804
969;891;794
941;865;778
908;835;759
870;800;736
828;762;710
784;721;681
736;677;650
688;633;617
639;587;584
590;542;550
541;498;516
493;454;483
448;412;451
405;372;421
365;335;393
329;302;367
296;272;344
268;247;325
246;226;309
228;210;296
217;200;288
211;194;282
211;194;280
218;200;282
229;211;286
246;226;294
268;247;304
293;269;316
322;296;330
353;324;345
386;355;361
419;385;377
451;414;394
481;442;410
509;468;425
535;492;439
555;511;452
572;526;463
584;537;473
592;544;480
595;547;486
593;545;490
588;540;492
579;532;493
567;521;493
553;509;491
538;495;488
524;482;485
510;469;482
496;456;479
485;446;477
476;437;475
470;432;474
466;429;475
468;430;477
471;433;481
478;440;486
488;448;493
501;461;502
517;475;512
535;492;524
555;511;537
577;530;551
600;552;566
624;574;581
649;597;597
673;619;613
698;642;628
721;663;642
744;684;655
765;703;666
784;721;675
800;736;681
813;747;685
822;756;686
827;760;684
826;760;678
821;755;668
810;745;656
793;729;639
770;708;619
741;681;596
705;649;570
666;612;541
619;569;510
569;523;477
516;475;443
460;423;409
403;370;374
346;318;340
290;266;307
237;218;276
187;172;247
143;131;222
104;96;200
73;67;182
49;45;168
34;31;159
28;25;156
30;28;157
41;38;164
60;55;176
88;80;192
122;112;213
164;150;239
211;194;269
262;241;302
317;292;338
376;345;376
436;401;417
497;457;458
557;512;499
616;567;540
674;620;581
729;671;619
782;719;656
829;763;690
873;803;720
911;838;747
944;868;769
970;892;787
989;910;800
1002;922;808
1008;927;811
1006;925;809
997;917;803
979;901;791
955;879;775
924;850;755
887;816;731
843;776;704
795;731;674
743;684;642
688;632;608
632;581;573
574;528;539
518;476;504
463;426;471
412;379;438
365;335;408
322;296;381
287;264;356
258;237;335
234;215;317
219;201;302
210;193;292
209;192;285
213;196;281
223;205;281
238;219;285
258;237;291
280;258;300
306;281;310
333;306;323
360;331;337
388;356;352
415;382;368
440;405;384
464;427;399
486;447;415
505;465;429
522;480;442
536;493;454
548;504;464
557;512;473
564;518;480
568;522;485
570;524;489
569;523;491
567;521;492
563;517;492
557;512;491
549;505;489
541;498;486
532;489;484
522;480;481
512;471;479
502;462;478
493;454;477
486;447;477
481;442;479
478;439;483
478;439;488
481;442;495
488;449;503
499;459;513
513;472;525
533;490;538
555;510;553
581;534;568
609;560;584
640;588;601
672;618;617
704;647;633
736;677;647
765;703;660
792;729;671
815;750;680
834;767;686
847;779;689
853;785;689
854;785;685
846;778;677
833;766;666
813;747;651
785;722;633
752;692;611
714;656;586
671;617;558
623;573;528
573;527;496
521;479;463
469;431;429
416;383;394
365;335;360
314;289;327
267;245;296
223;205;266
183;168;239
147;135;215
117;108;195
92;85;179
74;68;168
61;56;161
55;50;158
56;51;161
64;59;169
78;72;181
101;92;199
129;118;221
165;151;247
207;190;277
254;234;311
307;282;348
365;335;387
427;392;427
490;451;469
556;511;511
622;572;553
686;631;593
749;689;632
808;743;669
861;792;702
909;836;732
950;874;757
983;904;778
1008;927;795
1023;941;806
1029;947;812
1027;944;813
1015;934;809
995;915;800
967;890;786
933;858;767
893;822;745
848;780;720
799;735;691
748;688;660
695;639;628
642;590;594
590;542;559
539;495;525
490;451;492
445;409;459
403;370;429
365;335;400
331;304;374
303;278;351
278;256;331
259;238;314
244;224;301
234;215;291
229;211;285
230;211;282
234;215;283
242;223;286
255;234;292
271;249;301
291;268;312
314;289;325
340;312;339
367;337;355
396;364;371
424;390;387
453;417;403
482;443;418
508;467;433
532;489;446
554;510;459
571;525;469
585;538;478
594;546;485
599;551;490
599;551;493
595;547;494
588;540;495
576;530;493
562;517;491
546;502;488
530;487;485
512;471;482
496;456;478
482;443;476
470;432;474
461;424;474
456;419;475
455;418;478
458;421;482
466;428;489
478;440;497
494;454;507
514;473;518
538;494;531
563;518;546
592;544;561
620;570;577
649;597;593
678;624;609
706;649;625
732;673;639
756;695;653
777;714;664
794;730;674
808;743;681
818;752;685
824;758;687
825;759;685
822;756;680
814;748;671
800;736;659
783;720;643
760;699;624
733;674;602
700;644;577
664;610;549
623;573;519
578;532;487
531;488;454
480;442;420
429;394;386
376;345;352
323;297;319
271;249;287
222;204;258
175;161;231
133;122;208
97;89;188
67;62;173
44;40;162
30;28;157
24;22;156
28;25;160
41;37;170
62;57;185
93;85;204
131;120;229
177;162;257
229;210;289
286;263;325
347;319;363
412;379;403
477;439;444
543;499;486
607;558;528
670;616;569
729;670;609
783;720;646
833;766;681
877;806;712
914;841;740
945;869;763
969;891;782
986;907;796
996;916;806
999;919;810
996;916;809
985;906;804
968;890;794
945;869;779
916;843;760
883;812;737
844;776;712
801;737;683
755;695;652
706;649;619
654;602;585
602;553;551
549;505;517
497;457;483
446;410;450
399;367;420
354;326;391
314;288;365
278;256;343
250;230;323
227;208;307
211;194;295
202;185;286
200;184;281
205;188;280
216;198;282
232;213;287
254;234;295
280;257;305
309;284;317
340;312;332
372;342;347
404;372;363
435;400;379
465;427;395
491;452;411
515;474;426
535;492;440
551;507;452
563;517;463
571;525;472
575;529;479
577;530;485
575;529;489
570;524;491
563;517;492
554;510;491
545;501;490
536;493;488
525;483;486
516;475;483
508;467;480
499;459;478
493;454;477
488;449;476
486;447;477
484;445;479
485;446;482
489;449;487
494;454;494
503;462;502
513;472;512
527;484;523
543;499;536
562;517;549
583;536;564
606;557;580
631;580;595
657;604;611
685;630;627
713;655;641
740;680;654
766;704;666
789;726;675
810;745;682
827;760;687
838;771;688
845;777;685
845;777;680
839;771;670
826;759;657
805;740;640
778;715;620
744;684;596
703;647;569
657;604;540
608;559;509
554;510;475
498;458;441
441;405;406
384;353;372
328;302;338
275;253;305
226;207;274
181;166;246
141;130;221
108;99;200
82;75;182
62;57;169
50;46;161
46;42;158
49;45;159
59;54;166
77;70;177
101;93;194
132;121;214
168;155;240
210;193;269
257;236;302
308;283;337
362;333;375
419;385;415
478;440;456
538;495;498
599;551;539
659;606;580
719;661;619
774;712;655
827;760;690
876;805;720
919;845;747
956;879;770
985;906;788
1007;926;802
1021;939;810
1026;944;813
1023;941;811
1010;929;804
989;910;792
960;883;775
925;851;755
882;811;730
834;767;702
781;718;672
726;668;640
670;616;606
612;563;571
555;511;536
502;461;502
450;414;469
403;370;437
360;331;408
324;298;381
292;269;356
268;246;336
248;228;318
236;217;304
229;210;293
227;208;286
230;212;283
238;218;283
249;229;286
265;243;291
283;260;300
303;279;310
325;299;322
349;321;336
372;342;351
397;365;366
422;388;382
446;410;398
469;431;413
492;452;428
513;471;441
531;488;453
548;504;464
562;517;473
573;527;481
581;534;487
586;539;491
587;540;493
585;538;494
580;534;494
572;526;492
562;517;490
549;505;487
535;492;484
520;478;481
505;465;479
491;452;477
479;441;476
469;431;476
462;425;478
459;422;481
461;424;486
467;429;493
478;439;502
493;453;513
512;471;525
536;493;539
564;518;554
593;546;570
625;575;586
658;605;603
691;635;619
722;664;634
752;692;649
779;716;661
801;737;672
820;754;680
834;767;686
841;774;688
843;776;688
839;772;683
830;763;676
814;749;664
794;730;649
767;706;631
736;677;609
701;645;585
662;609;557
620;570;528
575;529;496
528;486;463
480;442;430
431;396;396
381;350;362
333;306;329
285;262;297
240;221;268
197;181;240
158;145;216
123;113;196
93;86;179
69;63;167
52;48;160
42;39;157
40;37;160
46;42;167
60;55;180
83;76;197
113;104;220
152;140;246
198;182;277
251;230;311
309;284;348
372;342;388
437;402;429
505;465;471
573;527;513
641;589;555
706;649;596
767;705;634
823;757;670
873;803;703
917;844;733
953;876;758
980;902;778
1000;920;794
1011;930;805
1014;933;811
1009;928;811
996;916;807
977;898;798
950;874;784
919;845;766
883;812;744
842;774;719
798;734;691
752;691;660
704;647;628
655;602;595
605;557;561
556;511;527
509;468;493
462;425;461
418;385;430
377;347;401
340;312;375
306;281;351
277;254;331
253;232;314
233;214;300
220;202;290
213;195;283
211;194;280
215;197;281
225;207;285
240;221;291
260;239;300
285;262;312
312;287;325
343;316;340
375;345;356
408;375;372
441;405;389
472;434;405
501;461;420
527;484;435
549;505;448
568;522;460
581;534;470
590;542;478
594;546;485
594;546;489
590;542;492
582;535;493
571;525;493
558;513;491
543;500;489
529;486;486
514;472;483
500;460;480
488;449;478
478;440;476
472;434;475
467;430;475
467;429;476
469;431;479
475;437;484
485;446;490
497;457;499
511;470;508
529;486;520
549;505;532
570;524;546
593;546;561
616;567;576
641;589;592
666;612;608
690;634;623
714;657;637
737;678;651
759;698;662
778;715;672
795;731;679
809;744;684
819;753;686
825;759;685
827;760;680
823;757;672
814;748;660
799;735;645
778;715;626
751;690;604
718;660;578
679;624;550
634;583;520
586;539;488
533;490;454
478;440;420
421;387;385
364;334;350
307;282;317
253;233;285
202;186;256
156;143;229
116;106;206
82;75;187
56;51;172
38;35;162
29;26;156
29;26;156
37;34;161
54;49;171
78;72;186
111;102;206
150;138;231
195;179;259
246;226;291
300;276;326
357;328;364
416;383;404
476;438;445
537;494;486
598;550;527
656;603;568
712;655;607
765;704;645
814;749;679
859;790;711
899;827;738
934;859;762
962;885;782
984;905;796
999;919;806
1007;926;811
1007;926;810
1000;920;805
985;906;795
963;886;781
935;860;762
899;827;739
858;789;713
811;746;684
760;699;652
706;649;619
650;598;585
593;545;550
535;492;515
480;442;481
428;393;448
379;349;418
335;308;389
298;274;364
266;244;341
241;222;322
223;205;307
212;195;295
208;191;286
211;194;282
219;201;281
233;214;283
251;231;289
273;251;296
298;274;307
324;298;319
351;323;333
379;348;348
406;373;363
433;398;379
457;420;395
480;441;410
499;459;424
517;476;438
532;489;450
545;501;461
555;510;470
562;517;478
567;521;484
569;523;488
570;524;491
568;522;492
564;519;492
558;513;491
552;507;490
544;500;487
535;492;485
525;483;482
516;474;480
505;465;478
497;457;477
488;449;477
482;443;479
479;440;481
477;439;486
480;441;492
485;446;500
495;455;510
508;467;521
526;483;534
548;504;548
572;526;563
600;552;579
630;579;596
662;609;612
694;638;628
725;667;643
756;695;656
784;721;668
808;743;677
828;762;684
843;776;688
852;783;689
854;786;686
850;782;680
838;771;670
820;754;656
794;730;639
763;702;618
726;668;594
684;629;567
639;587;538
589;542;507
538;494;474
486;447;440
433;398;405
381;350;371
330;303;337
282;259;305
237;218;275
195;179;247
158;145;223
127;116;201
100;92;184
79;73;171
64;59;162
56;51;159
55;50;160
61;56;166
73;67;177
93;85;193
119;109;214
153;141;239
193;177;268
239;219;300
290;266;336
347;319;374
407;374;414
470;432;456
535;492;498
601;553;540
666;613;581
729;670;620
789;726;657
845;777;692
895;823;722
938;863;749
973;895;772
1001;920;790
1019;937;803
1029;946;811
1028;946;813
1019;937;811
1002;922;803
977;898;790
945;869;774
906;833;753
863;793;728
815;749;700
764;703;670
712;655;638
659;606;605
606;557;570
555;510;536
505;465;502
459;422;470
416;383;438
377;346;409
342;314;382
311;286;358
286;263;337
265;243;320
248;228;305
237;218;294
231;212;287
229;211;283
232;213;282
239;220;285
250;230;290
266;244;298
285;262;309
307;282;321
331;304;335
358;329;350
386;355;366
415;382;382
445;409;398
473;435;414
500;460;429
525;483;442
548;504;455
566;520;466
581;534;475
592;545;483
598;550;488
600;552;492
597;549;494
590;543;495
580;534;494
567;521;492
552;507;489
535;492;486
518;476;483
502;461;479
486;447;477
473;435;475
463;425;474
457;420;475
454;418;477
456;419;481
463;425;486
474;436;494
489;449;503
508;467;514
530;488;527
555;510;541
582;535;556
611;562;572
640;588;588
669;615;604
697;641;620
724;666;635
748;688;648
770;708;661
789;726;671
804;740;679
815;750;684
822;756;686
825;759;686
823;757;682
817;751;674
805;741;663
789;725;649
767;706;631
741;682;610
711;654;585
676;621;558
636;585;529
593;546;498
546;502;465
497;457;431
445;409;397
393;361;362
340;313;329
288;264;297
237;218;267
189;174;239
146;134;215
108;99;194
75;69;177
50;46;165
33;30;158
25;23;155
26;23;158
36;33;166
54;50;179
82;75;197
118;108;220
161;148;247
211;194;278
267;246;313
328;301;350
391;359;390
457;420;431
522;480;473
587;540;515
650;598;556
711;654;596
766;705;634
818;752;670
863;793;703
903;830;731
936;861;756
962;885;777
982;903;792
994;914;803
999;919;809
997;917;810
989;909;806
974;896;797
953;876;784
926;852;766
894;822;745
857;788;720
815;750;692
770;708;662
722;664;630
671;617;596
619;569;562
566;520;527
514;472;493
463;425;461
413;380;429
368;338;400
326;299;373
290;266;349
258;237;329
233;214;312
215;198;298
204;188;288
200;184;282
203;186;280
212;195;280
226;208;285
247;227;292
271;249;301
299;275;313
330;303;327
361;332;342
394;362;358
426;391;374
455;419;390
483;444;406
508;467;421
529;486;435
547;503;448
560;515;459
569;523;469
574;528;477
577;530;483